2070285719
2075254187
2076419596
2073749293
2076209154
2074977448
2071475677
2078264899
2076275758
2072444797
2074471621
2076237643
2070053645
2078430647
2078407632
2074561619
2075307392
2073529800
2079865464
2077881765
2078727420
2078424207
2076448928
2074374526
2076943029
2079811308
2070953624
2076949331
2078832049
2074393944
2070975480
2078676503
2079036035
2072930602
2079485128
2072308155
2075261636
2073232057
2076901127
2075895602
2072468829
2072935141
2077256056
2074965013
2078642740
2072127757
2077485656
2073888710
2073229787
2074738145
2072792524
2073073568
2079941231
2077596430
2070855347
2076665820
2074424141
2078866533
2070493125
2070856400
2071023434
2075454594
2072016712
2070080658
2076080656
2073096789
2071337583
2077264194
2075175787
2072802007
2070627201
2079476943
2073330298
2077446890
2077498744
2077027688
2078226183